2	0,518854856	2,167246103	3,863335848	9,686181068	24,00319695
3	1,155122995	8,13436079	20,87900519	75,47896314	272,1524408
4	2,06437993	16,80896091	63,67619205	326,1566579	1594,151155
5	3,520388126	31,12560415	162,9463832	977,777904	6669,67051
6	5,027447701	52,7076261	326,1525629	2448,575896	27873,31481
7	6,075972319	83,08614302	594,5460689	6358,389269
8	8,569904089	132,920095	1031,65961	10668,6213
9	10,33069181	180,8374553	1715,153521
10	12,22603893	299,1106832	2785,695437
11	15,30062103	319,085114
12	19,42912316	405,6481893
13	28,73291492	573,2007651
14	30,50674295	686,9314141
15	29,64511013	739,377336
16	33,79735684	938,6307111
17	39,22371697	924,011507
18	43,4720459	1091,300142
19	47,45212817	1293,526862