N2S5 0.02052785037085414  0.029043065384030342
N2S10 0.02559700980782509  0.02977912686765194
N2S15 0.023880315013229847  0.03182677738368511
N2S20 0.010883864015340805  0.033689821138978004
N3S5 0.02197916681567828  0.015259808705498775  0.030990420530239742
N3S10 0.019181828945875168  0.025155987590551376  0.03310304507613182
N3S15 0.02512373775243759  0.02840638222793738  0.033340765784184136
N3S20 0.01659972034394741  0.0243230698009332  0.03374866644541422
N4S5 0.028514925856143236  0.02033175784163177  0.02257567341439426  0.03298728261142969
N4S10 0.02455263677984476  0.018011788837611675  0.030073273926973343  0.03386730421334505
N4S15 0.028003688901662827  0.02190727461129427  0.02712459582835436  0.03377068229019642
N5S5 0.02218645326793194  0.012644743826240302  0.024589607631787656  0.029037820920348168  0.031804411113262175
N6S5 0.021926400096466143  0.019953267260765035  0.024053960107266903  0.028724052322407562  0.025251608341932297  0.03227434307336807